rows: 10
columns: 15
time: 93 ms

155 102 156 97 163 83 90 112 124 88 118 84 44 64 129 
163 125 151 112 170 83 62 108 128 69 120 93 53 63 113 
163 125 145 109 167 86 64 101 108 80 106 89 50 74 95 
138 76 126 114 135 86 68 108 80 91 77 53 51 88 86 
149 111 121 91 166 118 72 103 60 131 115 92 65 106 121 
144 87 142 72 147 83 110 92 78 117 85 70 27 80 97 
151 116 145 66 164 84 96 88 98 103 114 96 33 65 116 
123 51 141 106 114 47 78 108 128 45 74 37 29 41 93 
87 64 62 62 87 64 32 51 16 72 39 41 34 71 31 
108 69 89 88 105 69 42 75 48 71 53 44 41 74 50 
