rows: 10
columns: 15
time: 14 ms

69 62 15 67 44 30 150 98 93 68 59 90 86 64 87 
38 39 52 106 74 32 127 114 76 57 80 71 86 77 98 
76 102 65 136 90 65 188 164 97 125 115 109 108 102 151 
126 170 99 172 104 93 240 230 135 197 161 159 170 130 189 
40 48 78 133 85 28 136 145 82 80 92 81 103 86 116 
30 49 43 50 24 19 44 68 27 63 43 38 49 29 45 
94 117 73 127 81 71 177 167 109 130 125 119 139 101 131 
59 103 26 82 65 87 135 97 44 104 94 67 41 73 120 
90 117 42 96 64 74 168 134 90 122 104 105 101 85 122 
119 189 83 144 97 132 201 191 93 195 169 130 129 119 175 
